advent of code  > 14 lettres


 0    0    0    0    0    0    0    0    0    0    0    0    0    0
26   26   26   26   26   26   26   26   26   26   26   26   26   26
 1    1    1    1   26    1   26    1   26   26    1   26   26   26
14   11   12   11  -10   15  -14   10   -4   -3   13   -3   -9  -12
 0    0    0    0    0    0    0    0    0    0    0    0    0    0
 0    0    0    0    0    0    0    0    0    0    0    0    0    0
25   25   25   25   25   25   25   25   25   25   25   25   25   25
 1    1    1    1    1    1    1    1    1    1    1    1    1    1
 0    0    0    0    0    0    0    0    0    0    0    0    0    0
16    3    2    7   13    6   10   11    6    5   11    4    4    6
